0.564482
0.796372
0.881339
0.964718
0.979517
1.132705
1.053499
0.990063
0.879614
1.033964
1.085715
1.149427
1.049081
1.070712
0.945901
0.942875
1.011692
0.907189
0.932114
0.847060
1.153023
1.049332
1.080884
1.085698
0.879481
0.918026
1.068093
1.038889
0.913556
1.029684
0.943693
1.009703
1.059423
1.047188
1.016413
0.990386
0.994623
1.136970
1.183044
1.072918
1.141129
0.954043
0.860023
0.914005
0.968397
1.125580
1.068477
0.985948
1.105980
0.973023
0.926524
1.093010
1.050521
1.044920
1.243759
1.035763
0.998562
0.956815
0.947821
0.867857
1.003452
0.978559
0.930378
0.939230
0.965462
1.027422
0.962612
1.068960
0.999473
0.922037
0.934737
0.927511
1.039003
0.915228
0.921137
0.989498
1.053002
0.905931
0.891426
0.848158
0.930686
0.976143
1.079274
1.020714
0.896010
0.970536
1.122465
1.135127
1.051383
0.936318
0.946690
0.972943
0.924179
0.958875
0.978724
1.153779
0.977633
0.834235
1.082155
0.998936
1.068507
0.909779
0.963905
0.899100
0.948033
0.936350
0.869542
1.046525
1.101861
1.087219
1.175404
1.011726
1.066349
1.051516
0.975583
0.934446
1.050400
0.938957
1.096205
1.201890
1.083220
1.027384
1.024427
1.086633
0.950731
0.988151
1.048756
0.872829
0.918224
1.165854
0.838071
0.985422
1.187968
1.073172
0.855441
0.899977
0.988495
0.886583
0.966551
1.070865
1.029015
0.991722
0.870766
0.971620
1.091991
0.908104
1.100892
0.992338
0.929441
1.139322
1.006714
1.125230
1.090655
0.832988
0.883955
1.052913
0.978223
0.821505
1.021089
1.043373
1.002493
1.134193
0.879292
1.029105
0.985481
1.021572
1.055857
1.150968
1.064027
0.921144
1.017463
1.172312
1.027515
1.019157
1.006264
1.180831
0.868849
1.124205
1.089212
0.986097
0.850761
1.096365
1.099281
0.959384
1.090921
0.956081
0.914975
0.920936
1.062508
0.712286
1.062849
0.994102
0.981974
1.023722
0.871382
0.993144
1.078593
0.990860
1.128728
0.933418
1.021879
1.137460
0.987752
1.001162
0.940958
0.888276
0.857253
1.025247
1.142942
1.244310
1.306057
0.939302
1.009438
1.065271
1.134064
0.893003
0.934531
1.043837
1.069254
1.059312
0.990534
1.139495
0.986250
0.791264
0.974123
1.045379
0.843270
0.973127
0.846857
0.915593
1.030990
0.971916
1.034203
1.035704
0.982049
1.046466
0.854390
1.022708
0.944730
1.065521
0.885613
1.003528
0.976769
1.078932
0.834587
0.748907
1.039034
1.024442
1.025349
1.012286
1.039701
0.976967
1.092797
0.945966
1.012086
1.093138
1.132593
1.165489
1.151122
1.088355
1.048305
1.009846
1.081465
1.084272
1.066369
1.029516
0.953060
0.962320
0.903387
0.987147
0.886829
0.857277
1.096778
0.981569
0.914654
0.996654
1.025878
1.079957
1.127411
1.090468
1.001623
0.823554
0.954306
0.924305
0.925655
1.064111
0.980919
0.941675
0.957844
1.077364
0.831336
0.930825
0.939987
1.057934
0.966118
1.128429
1.226648
1.007104
0.956839
1.022869
0.988359
1.047378
0.935078
1.018017
1.070431
1.140520
0.936221
0.961356
0.974035
0.995528
1.156609
1.197135
1.139208
1.053278
1.068310
1.077150
0.910344
0.850334
1.008865
1.115732
1.028626
1.001952
1.091841
0.975338
0.996106
0.952318
0.848322
0.852152
1.068122
1.136982
1.104739
1.049195
0.949069
1.054333
1.101195
1.026946
1.031487
1.087680
1.170759
1.054206
0.837956
1.054355
1.057160
1.010789
1.045674
1.010194
1.037048
1.120554
0.986454
1.107709
0.816762
1.035343
1.005546
0.970509
1.029690
1.187206
0.960770
0.954306
0.949412
0.967683
0.956910
1.099933
1.057502
0.885097
0.845496
0.996516
1.089638
1.082682
0.988754
0.979172
0.992356
1.054858
1.006577
1.039784
0.961276
1.019784
1.039272
1.048303
0.830358
0.860073
0.880790
1.026101
1.022792
1.019417
1.012332
1.009196
0.960239
0.970747
0.958242
1.087997
0.962126
0.877801
0.823578
0.961126
0.924640
1.046376
1.086916
0.935218
1.099386
1.088351
1.045482
0.967246
0.857128
0.948550
0.992118
0.944210
0.909130
1.014392
1.060753
0.864374
1.100606
1.011093
0.969337
0.948277
0.991409
0.889741
0.962304
1.026812
1.134612
1.029928
1.118560
0.927063
1.040217
1.087677
0.992686
1.060802
0.898793
0.963544
0.995822
0.874560
0.971097
1.012137
0.984416
0.980109
0.962038
1.060629
0.919764
1.018090
0.971997
0.966997
1.076424
1.036819
0.948448
0.863151
0.955529
1.060164
1.004280
1.021905
1.063299
0.913123
1.014751
0.919917
0.909777
0.802858
1.187795
1.151857
0.837858
1.082766
1.090689
0.982492
0.912896
0.980453
1.008791
0.990584
0.987760
1.040286
1.018084
1.045589
1.110928
0.890198
0.975215
1.007909
0.792424
0.772972
1.101776
1.018858
1.109525
1.198659
1.016718
1.057524
0.870512
0.938319
0.984122
1.030052
1.121399
0.925099
1.042367
1.182115
0.858474
0.998048
0.973847
0.875729
0.906189
1.043903
1.057766
1.081899
1.071124
1.027268
0.915516
1.047591
0.914095
0.955005
0.927502
1.007184
1.027245
0.961250
1.020539
1.034392
0.953090
0.989934
1.085961
0.439232
